0 0.3412559135772724 0.4827760936713609 0.3369124649859944 0.3524742647058824 0.15673220396256285 0.3584803484817721 0.16107565255384085 0.4887821774472506
0 0.4917523342670401 0.350140056022409 0.3249665509064649 0.3495146721921675 0.3244631185807657 0.48377678571428573 0.4912489019413409 0.48440216954452725
0 0.7051725759749 0.4753406752282627 0.696389589169001 0.3396358543417367 0.5261578584577804 0.3506534662070678 0.5349408452636795 0.48635828709359374
0 0.3205725957049488 0.49894957983193283 0.11505393477716293 0.4925271216779395 0.10971055088702153 0.6635154061624651 0.3152292118148074 0.6699378643164583
0 0.49330835667600387 0.49836607142857153 0.29956419234360426 0.4983660714285715 0.29956419234360426 0.6658496148459384 0.49330835667600387 0.6658496148459384
0 0.7205105042016807 0.6629318977591038 0.7138900653592374 0.4863885471479067 0.5203961253007291 0.49364463916216755 0.5270165641431724 0.6701879897733646
0 0.9288712673350615 0.4991843702291149 0.7065297105493024 0.48851203793693254 0.6981376682375836 0.6633472755509551 0.9204792250233428 0.6740196078431374
0 0.3002026381581402 0.6927715221203583 0.1285416070440501 0.6272858905019971 0.028789215686274627 0.8887722338935575 0.20045024680036472 0.9542578655119187
0 0.4824152661064426 0.688608718487395 0.2555743897991335 0.6759595404474041 0.242763772175537 0.9056955532212885 0.46960464848284605 0.9183447312612794
0 0.7351100249498779 0.6861091729428018 0.5055738438107554 0.6773556715422415 0.49642086834733895 0.9173669467787116 0.7259570494864613 0.9261204481792719
0 0.9827264239028946 0.9401260504201682 0.9688584323613141 0.6742540384902895 0.7384063958916901 0.6862745098039216 0.7522743874332706 0.9521465217338002