0 0.32431722689075637 0.08169934640522881 0.2305873045750623 0.0758594758559644 0.2205882352941177 0.23634453781512613 0.31431815760981174 0.24218440836439054
0 0.2079501363267676 0.12678776510795603 0.11390741192609259 0.11869806838531732 0.09936974789915966 0.2876984126984128 0.19341247229983463 0.2957881094210515
0 0.1440678604178302 0.3124023645409533 0.048647682948766924 0.2988630150352078 0.023651960784313725 0.4750233426704015 0.11907213825337702 0.48856269217614706
0 0.24424015345616118 0.3518993944159643 0.14449009878410152 0.35140720664620084 0.14357492997198887 0.5368814192343604 0.24332498464404853 0.5373736070041238
0 0.364603677877654 0.3005567232640588 0.2643991876080435 0.30005233824592314 0.26349789915966393 0.479108309990663 0.36370238942927446 0.47961269500879866
0 0.49161224763524414 0.3263511995746502 0.39480042016806727 0.31746031746031755 0.37852080558604445 0.49472723179789896 0.4753326330532213 0.5036181139122315
0 0.43114676936499213 0.03388010486773871 0.33706305947568166 0.03309022297501127 0.3357142857142857 0.1937441643323997 0.42979799560359616 0.19453404622512713
0 0.5478908120938386 0.13440451451700877 0.45432422969187664 0.11379551820728295 0.41721773132352824 0.282262152149658 0.5107843137254902 0.30287114845938384
0 0.6323954489376282 0.3417658593821927 0.5344012605042018 0.3320494864612513 0.5165016098859014 0.5125758773124854 0.6144957983193279 0.5222922502334268
0 0.6447773837512346 0.14498863771673415 0.5497198879551821 0.14122315592903834 0.5430727563047878 0.30902630159232297 0.6381302521008403 0.3127917833800188
0 0.7890304139744421 0.1307215550767772 0.6928396358543417 0.1260504201680673 0.6846215468098718 0.2952821797504872 0.7808123249299721 0.2999533146591971
0 0.8932948179271709 0.3320494864612512 0.8914575996260872 0.1618005905608333 0.7974439775910366 0.16281512605042017 0.7992811958921203 0.3330640219508381
0 0.8070459030220727 0.326881398533027 0.7068452380952381 0.31629318394024286 0.6876144611235855 0.49828200015978363 0.78781512605042 0.5088702147525678
0 0.9178046218487395 0.5351307189542482 0.9141731098617788 0.351134111614908 0.8167016806722689 0.35305788982259567 0.8203331926592295 0.5370544971619359
0 0.7208062740342461 0.5678521702379571 0.617559523809524 0.5584733893557424 0.599221737170236 0.7603457756070479 0.7024684873949582 0.7697245564892625
0 0.852843169992288 0.5366846256939255 0.7510504201680672 0.5304621848739497 0.7389810596995887 0.7279045433070084 0.8407738095238095 0.7341269841269842
0 0.9666340330028433 0.56732634006029 0.8670343137254903 0.5654761904761906 0.8632854347842718 0.7672908401451257 0.9628851540616248 0.7691409897292252
0 0.5529206062544499 0.5386846214743828 0.4525560224089636 0.5287114845938375 0.43359900158868747 0.7194853131661403 0.5339635854341738 0.7294584500466855
0 0.4104544794589465 0.5061045292859553 0.30821526976275465 0.5015516894791716 0.29980742296918766 0.6903594771241831 0.4020466326653795 0.6949123169309667
0 0.2570729254736736 0.5491408321927767 0.15526146946638605 0.5462277719350573 0.14968487394957994 0.7411297852474323 0.2514963299568675 0.7440428455051517