0 0.3665461235550469 0.34007242778327523 0.35014005602240894 0.18382352941176475 0.17242608981501117 0.2024834198908589 0.1888321573476491 0.35873231826236945
0 0.5454404761904762 0.3355509453781513 0.5393541839236903 0.17841537354087567 0.36594211581074093 0.1851320992114716 0.3720284080775269 0.34226767104874717
0 0.7609710550887022 0.323296043417367 0.7548563814437216 0.16616903671728817 0.5711174136321194 0.1733193277310924 0.5772320872771001 0.3304463344311712
0 0.9609400093370684 0.3157095588235294 0.9554766268604916 0.1605525996279332 0.7586367880485528 0.16748371848739496 0.7641001705251296 0.32264067768299115
0 0.354029806737654 0.35428500048977374 0.17053615631442715 0.35192495429785 0.16806722689075637 0.5438842787114845 0.3515608773139832 0.5462443249034084
0 0.546218487394958 0.5281279761904761 0.5438180045162735 0.3489008025912743 0.3563088186569546 0.35141221077348417 0.3587093015356391 0.5306393843726859
0 0.7866479925303457 0.5193744747899159 0.7796020537086503 0.33774590789664555 0.5804544817927171 0.3454714635854342 0.5875004206144124 0.5271000304787045
0 0.9997665732959852 0.5106209733893557 0.9609055597751636 0.3039515075501359 0.7866479925303456 0.33671796218487393 0.8255090060511672 0.5433874280240938
0 0.34936868339923405 0.7642064647330814 0.34780578898225956 0.5520540966386553 0.1532767414373672 0.5534871627178988 0.1548396358543417 0.7656395308123248
0 0.5540136876536811 0.7607285683881483 0.5507375265278397 0.5501846495171945 0.3476419061010495 0.5533449116612591 0.35091806722689084 0.7638888305322129
0 0.8201057422969187 0.7498832282913165 0.8012457087981455 0.5284837976510698 0.5999066293183939 0.5456349789915966 0.6187666628171671 0.7670344096318433