0 0.46718254283059035 0.21394689780502524 0.46218487394957986 0.04901960784313725 0.3510320707464214 0.0523877884864612 0.3560297396274319 0.21731507844834919
0 0.33565153858047503 0.2121537858103949 0.22127233689980283 0.18803310420441915 0.18265633753501406 0.37114845938375357 0.29703553921568626 0.3952691409897293
0 0.47218187104346976 0.49115280797287064 0.44821556043102107 0.28467382423485144 0.329091637566823 0.29850070813873153 0.3530579481792717 0.5049796918767507
0 0.3840701080500255 0.4969874662310695 0.25626898760184624 0.47208877342061195 0.21241824229691886 0.6971678338001869 0.3402193627450981 0.7220665266106444
0 0.25050220190189015 0.6002274202141324 0.14478041850918266 0.39469540249652196 0.016827236215135682 0.4605120999294484 0.12254901960784315 0.6660441176470588
0 0.5333942969817719 0.7201631152541541 0.5259583709518556 0.49485917416539993 0.3975593470793275 0.4990968525620395 0.40499527310924377 0.7244007936507937
0 0.726606914001287 0.7737718327757047 0.6830320214722264 0.5415013803153256 0.5563317951460094 0.5652708640662315 0.59990668767507 0.7975413165266106
0 0.5818307991614622 0.4312324904260704 0.5655798630191506 0.24333093971224268 0.4506025302442431 0.2532749198744076 0.46685346638655467 0.44117647058823534
0 0.7405462184873951 0.3820417833800187 0.7274206583248771 0.1958966295063377 0.6144957983193278 0.20385924369747901 0.6276213584818457 0.39000439757116
0 0.8951913515406164 0.38437605042016815 0.8899597703838154 0.19080996719457002 0.7813958333333333 0.19374416433239963 0.7866274144901343 0.38731024755799776
0 0.9833100490196078 0.6240273109243697 0.9548329254608116 0.4044642489404636 0.83975262605042 0.419390056022409 0.8682297496092164 0.638953118006315
0 0.860592289887206 0.6700603927766733 0.8032773884006708 0.45154733085925686 0.6858398604182263 0.48235061688743897 0.7431547619047616 0.7008636788048553