0 0.6092862965793405 0.2534423205032711 0.6066602461591724 0.09879712909337368 0.5138305322128852 0.10037348272642391 0.5164565826330534 0.2550186741363213
0 0.6308232098625175 0.44525644972336953 0.6245623249299721 0.2777777777777778 0.5264393535434235 0.2814459262408263 0.5327002384759689 0.448924598186418
0 0.5213574037501627 0.23546723780197729 0.4267363828326503 0.22987137097352225 0.41702113594523277 0.39414736379712867 0.5116421568627452 0.3997432306255837
0 0.40281731574884644 0.1605186372680222 0.3073095103705337 0.1596376041954567 0.3057890406162465 0.32446311858076565 0.4012968459945592 0.32534415165333114
0 0.2999648771461169 0.4114341959017329 0.29966158963585426 0.24081862745098034 0.20131908643931717 0.2409934418200224 0.2016223739495798 0.41160901027077496
0 0.19711534738041492 0.3502709223851704 0.10445850840336138 0.3197945845004669 0.04973339211538344 0.48617468919279416 0.14239023109243698 0.5166510270774977
0 0.3270817200038546 0.4194598266784966 0.22519740962516285 0.41596664832655383 0.2188375350140057 0.6014628851540617 0.3207218453926975 0.6049560635060045
0 0.2182034277414875 0.534034858633777 0.1167705964001855 0.5262243567892724 0.10154061624649866 0.7240119047619049 0.20297344758780064 0.7318224066064095
0 0.3357235100104311 0.6158309377639865 0.23314558644800165 0.601000394598334 0.20496181733392915 0.7959381309706688 0.3075397408963586 0.8107686741363213
0 0.4454514711995433 0.8088433042337687 0.4385549026730384 0.5969267092085291 0.3315720939384812 0.6004083349467492 0.338468662464986 0.8123249299719888
0 0.4539851546758401 0.5907762361421923 0.44073458924785225 0.40465288047164505 0.3398073827512838 0.4118381289232903 0.35305794817927166 0.5979614845938376
0 0.5868185623371908 0.47447346696797116 0.48494397759103647 0.46607539682539695 0.4697290567104284 0.6506432463840366 0.5716036414565827 0.6590413165266108
0 0.5964697665446416 0.6786852936446937 0.4887372198879552 0.6707126517273577 0.4729164379371513 0.8844953786242143 0.5806489845938376 0.8924680205415503
0 0.7364714234665815 0.24665905414542016 0.6387137605042017 0.24159663865546221 0.6299501451608697 0.41082623997222706 0.7277078081232494 0.41588865546218495
0 0.8716538093487857 0.23540076633959084 0.774393032212885 0.2322595704948647 0.7687523531162004 0.40691179201708544 0.866013130252101 0.41005298786181155
0 0.7186624649859945 0.6228601774042951 0.7092911756904046 0.4417448845762165 0.6073192750820444 0.44702112693930174 0.6166905643776344 0.6281364197673803
0 0.8461213130048705 0.4317070931017354 0.7420050770308124 0.4295051353874885 0.7379705987598357 0.6202693308011593 0.8420868347338938 0.6224712885154062
0 0.7184389646190095 0.6266860693413426 0.610702556022409 0.6255835667600373 0.6085918477059205 0.8318417084364353 0.7163282563025211 0.8329442110177406
0 0.8298476946803958 0.6249619225183453 0.7233310574229692 0.6248055555555557 0.723023453778988 0.8343440998906186 0.8295400910364146 0.8345004668534082
0 0.9526727941176472 0.8625116713352009 0.9517321022347323 0.6484520909289613 0.8438375350140055 0.6489262371615314 0.8447782268969204 0.862985817567771