0 0.33437405180978214 0.07241109007406293 0.20314507049062153 0.07136405032949515 0.20133053221288516 0.29878618113912236 0.33255951353204577 0.29983322088369013
0 0.5414903372394003 0.06893989218104178 0.4131652661064426 0.05368814192343609 0.3868184862900115 0.27536449624099385 0.5151435574229692 0.2906162464985995
0 0.6784055114785974 0.09095382209781953 0.5505952380952382 0.08403361344537824 0.538331183199274 0.3105401088078763 0.6661414565826331 0.3174603174603176
0 0.8355217086834734 0.3168767507002802 0.8309610264684708 0.09370736764614807 0.7046568627450982 0.09628851540616247 0.7092175449601008 0.3194578984602946
0 0.8539207756950705 0.3550532039544706 0.7208508403361346 0.3548085901027078 0.7203964511956858 0.6019962825067808 0.8534663865546218 0.6022408963585436
0 0.6885355859831418 0.38035869746195927 0.5532212885154062 0.3658963585434175 0.5264504084146174 0.6163733286818317 0.661764705882353 0.6308356676003735
0 0.6768028409368613 0.9177676560323839 0.6547619047619048 0.6489262371615313 0.5101719489791052 0.6607804298686432 0.5322128851540617 0.9296218487394957
0 0.49261741422108507 0.9302766803385218 0.4778909180717423 0.6467916294636724 0.33322518452292604 0.6543067325051694 0.34795168067226884 0.9377917833800188
0 0.509453781512605 0.33204948646125126 0.37640056022408963 0.3320494864612512 0.3764005602240897 0.5742296918767508 0.509453781512605 0.5742296918767508
0 0.3356967552788678 0.3145488885754265 0.1978543101297396 0.31404458694683207 0.19695378151260512 0.5601890756302521 0.3347962266617333 0.5606933772588465
0 0.31914065693486016 0.8919919591419676 0.3094316013836641 0.6102752361644059 0.16579864753003645 0.6152253871998429 0.1755077030812325 0.8969421101774044