0 0.36025513538748843 0.20133053221288522 0.17624788234448188 0.18812419136380748 0.16495494864612517 0.34547146358543424 0.3489622016891317 0.35867780443451197
0 0.542327964519141 0.20774982492997202 0.358480463062172 0.19631231809970606 0.3485838001867414 0.35539215686274517 0.5324313016437103 0.3668296636930111
0 0.7446311858076564 0.20249772408963596 0.5522123984674069 0.20186464096102505 0.5516650326797388 0.3682305672268909 0.7440838200199883 0.3688636503555018
0 0.9519771121510774 0.215257653020003 0.761345459490013 0.20066836730571727 0.7485217086834736 0.3682305672268909 0.939153361344538 0.3828198529411766
0 0.31590406162464996 0.3682305672268908 0.1192710981751597 0.3532098570793856 0.10582002801120455 0.529294992997199 0.3024529914606948 0.5443157031447041
0 0.5228758169934642 0.3863212535014007 0.33299016759945055 0.36661218631925535 0.3143480392156863 0.546218487394958 0.5042336886097001 0.5659275545771034
0 0.7492997198879553 0.38398686974789936 0.5500379930917381 0.3719346791954361 0.5384376750700282 0.5637254901960785 0.7376994018662453 0.5757776807485417
0 0.9557932239136979 0.4012971816286556 0.7533066728139315 0.3848848058130251 0.7374450548759575 0.580576419702577 0.9399316059757239 0.5969887955182075
0 0.2772379033956454 0.5630186834893022 0.1062659159530348 0.519966957608768 0.050575863678804844 0.7411297268907563 0.22154785112141545 0.7841814527712905
0 0.49763414831575503 0.5891188758711914 0.3233450396321172 0.5332374084536454 0.2497665732959851 0.7627218137254903 0.42405568197962296 0.8186032811430363
0 0.7384063958916902 0.6039915966386555 0.533514472753435 0.5622983536210319 0.4878618113912233 0.7866479341736695 0.6927537345294785 0.8283411771912932
0 0.955182970606765 0.6205941624229558 0.7385894313517599 0.600288518117799 0.7171132768047523 0.8293674999525463 0.9337068160597575 0.8496731442577031