0 0.2794312169312169 0.1891121031746032 0.09364802222308329 0.17849592061985267 0.08432539682539686 0.34164186507936506 0.2701085915335305 0.3522580476341156
0 0.46462806241413374 0.33472998905272267 0.4611006213106997 0.17481932569704453 0.2883045694785765 0.1786310033109884 0.2918320105820106 0.3385416666666666
0 0.6751833471916762 0.17609334188622883 0.5009920634920636 0.17547123015873023 0.5004118909035621 0.3379195549391681 0.6746031746031746 0.3385416666666667
0 0.8953373015873015 0.17981150793650807 0.7221801669696013 0.16862671694445563 0.7118055555555556 0.3292410714285715 0.8849626901732558 0.34042586242062395
0 0.2820668211045405 0.527345359934471 0.2740767935924401 0.3519744996688802 0.09038960211752917 0.3603434254486951 0.09837962962962962 0.5357142857142857
0 0.4927659126098955 0.3557836212584966 0.3078121788096806 0.35194817516586535 0.3042328042328042 0.5245535714285714 0.4891865380330191 0.5283890175212026
0 0.701058201058201 0.513392857142857 0.6942422602679045 0.3415485317632598 0.5042989417989417 0.34908234126984117 0.5111148825892383 0.5209266666494384
0 0.9234457671957672 0.5171130952380952 0.9197067277563142 0.3442863833700462 0.726686507936508 0.34846230158730157 0.730425547375961 0.5212890134553506
0 0.27541282392979716 0.7206290789290091 0.2670464519495532 0.5301332246096085 0.0726521465382745 0.5386708123472661 0.08101851851851852 0.7291666666666666
0 0.4969102512181339 0.7203061473993976 0.49108149315213295 0.53119533014692 0.3041910832038403 0.5369556510014907 0.3100198412698413 0.7260664682539683
0 0.733306956492193 0.7132192198385389 0.726124495220286 0.5269105274521031 0.5299272486772485 0.5344742063492062 0.5371097099491555 0.7207828987356419
0 0.9656084656084656 0.7136656746031745 0.944279985730763 0.5117116307611774 0.7581018518518519 0.5313740079365079 0.7794303317295544 0.733328051778505
0 0.247455453076187 0.7409540231052603 0.047635130559618724 0.7359998002329486 0.04216269841269853 0.9567212301587301 0.2419830209292668 0.9616754530310417
0 0.5051256613756615 0.7316468253968254 0.3075396825396826 0.7316468253968254 0.3075396825396826 0.9418402777777777 0.5051256613756616 0.9418402777777777
0 0.7713293650793649 0.9306795634920635 0.7393132018894656 0.7099014381617157 0.5423280423280423 0.738467261904762 0.5743442055179416 0.9592453872351098
0 0.999669312169312 0.9343998015873015 0.9898780677758795 0.723654922261993 0.7911706349206348 0.7328869047619049 0.8009618793140673 0.9436317840872134