0 0.30460056885554887 0.3664528298574048 0.29340410859259514 0.14749982915964255 0.17875452012920312 0.15336259220606602 0.18995098039215688 0.37231559290382826
0 0.5060524000162783 0.10843884876430764 0.39040616246498594 0.09570494864612517 0.36623401454954796 0.3152306190228073 0.4818802521008403 0.3279645191409898
0 0.6705166061645882 0.29303243983045413 0.658725639056809 0.06991106225248057 0.5388042709874589 0.0762483703211861 0.550595238095238 0.29936974789915966
0 0.28937369362883264 0.6123993861604159 0.2773388571855717 0.3856292985454638 0.16086432322060465 0.3918106780246372 0.17289915966386554 0.6185807656395893
0 0.4343041671911195 0.5999160825894763 0.4132179816990152 0.3756079644560769 0.2953703971409489 0.3866862796257044 0.3164565826330532 0.6109943977591037
0 0.5655384704813871 0.37537533435567555 0.4481967787114846 0.3734827264239029 0.44465060514886495 0.5933454873063226 0.5619922969187674 0.5952380952380952
0 0.7307080778575246 0.37918280681937644 0.6079481792717086 0.37523342670401505 0.600734499173288 0.5994586497632569 0.723494397759104 0.6034080298786183
0 0.8756850242612556 0.214314868181077 0.7567401960784313 0.1989962651727359 0.7268460615301413 0.4311161716409985 0.8457908897129656 0.44643477464933967
0 0.857746192988608 0.5935230497347839 0.7330969887955182 0.5841503267973857 0.7150610470462146 0.8240129367282937 0.8397102512393044 0.8333856596656919
0 0.6855817993148515 0.8876109966331571 0.6493315434261975 0.6484212740174229 0.5261534555959397 0.6670894557222676 0.5624037114845938 0.9062791783380019
0 0.527898410725936 0.8792880429050929 0.5034211869526308 0.641597266137903 0.38298951292137273 0.6539992325698785 0.4074667366946779 0.8916900093370683
0 0.3398407737346865 0.8368700125008738 0.32851810612440246 0.6092089090834301 0.21189161810400164 0.6150092980764872 0.2232142857142857 0.8426704014939309