0 0.2513227513227513 0.19469246031746035 0.09814584628133419 0.18320419243935404 0.08928571428571432 0.30133928571428575 0.24246261932713142 0.31282755359239206
0 0.39434523809523814 0.2907986111111111 0.3852133764427397 0.1781723173969636 0.2545957329271008 0.18876293714147488 0.26372759457959927 0.30138923085562236
0 0.5505952380952381 0.2734375 0.5381547938294862 0.15958858581039093 0.3984788359788359 0.17485119047619047 0.41091928024458785 0.2887001046657995
0 0.7068452380952379 0.27839781746031744 0.7011509750755385 0.16451255706632886 0.5687830687830686 0.17113095238095233 0.574477331802768 0.2850162127749409
0 0.8697089947089947 0.27529761904761907 0.8625429539081314 0.1621109233211637 0.7200727513227514 0.17113095238095238 0.7272387921236148 0.2843176481074078
0 0.8597883597883597 0.41294642857142855 0.8568994648988644 0.2904572852568276 0.7109788359788359 0.2938988095238095 0.7138677308683312 0.4163879528384104
0 0.7032743017387413 0.2970239668784928 0.5652121324265721 0.29454380814833403 0.5629960317460317 0.41790674603174605 0.7010582010582009 0.4203869047619048
0 0.5472883597883598 0.4228670634920635 0.5397026569804216 0.29959939286306886 0.40170520610717486 0.3080915436860379 0.40929090891511305 0.43135921431503255
0 0.3945150935082534 0.43024604217526174 0.3869047619047619 0.3069196428571428 0.2497119940714137 0.31538565226458043 0.2573223256749052 0.4387120515826994
0 0.24840560576087925 0.4361887823054555 0.24553571428571425 0.3137400793650793 0.09470026606723678 0.3172752851826998 0.09757015754240178 0.439723988123076
0 0.23232400250772073 0.4517069453139422 0.06737163983708735 0.44307571703466486 0.06035052910052916 0.5772569444444445 0.22530289177116256 0.5858881727237217
0 0.4039092668539263 0.5813080276785783 0.3968253968253968 0.4482886904761904 0.2485135370149619 0.45618695519982305 0.25559740704349143 0.5892062924022109
0 0.5762235449735449 0.5729166666666665 0.5689146138483597 0.4372953891215644 0.4224537037037036 0.445188492063492 0.42976263482888877 0.5808097696085941
0 0.7299933862433862 0.5629960317460317 0.7276001068342443 0.4313656642432254 0.5811838624338624 0.43402777777777773 0.5835771418430044 0.5656581452805841
0 0.8942875790345814 0.4285837628856189 0.744883420193497 0.42605148900695644 0.7426262644393388 0.55922367850229 0.8920304232804233 0.5617559523809524
0 0.21793672445460846 0.74551198422831 0.21412037037037035 0.5970982142857143 0.04827080325118363 0.6013629174402075 0.052087157335421734 0.7497766873828032
0 0.40437972776520237 0.742087898176 0.3959986772486772 0.593377976190476 0.2431420454454713 0.6019927285608879 0.25152309596199646 0.7507026505464118
0 0.5869708994708995 0.7353670634920635 0.5744146156887405 0.5834360297279408 0.42410714285714285 0.5958581349206349 0.43666342663930174 0.7477891686847575
0 0.7605820105820106 0.5772569444444444 0.6084656084656084 0.5772569444444444 0.6084656084656084 0.7273065476190476 0.7605820105820106 0.7273065476190476
0 0.9391534391534391 0.728546626984127 0.9327999845241223 0.5786050977322529 0.7597552910052909 0.5859375 0.7661087456346077 0.7358790292518741
0 0.22615077229587804 0.9267411788414753 0.21164021164021163 0.76140873015873 0.037750291216054756 0.7766703455151055 0.052260851871721185 0.9420027941978508
0 0.41914682539682535 0.9207589285714286 0.4013853860165335 0.7549854943553714 0.24036272243239457 0.7722379225965291 0.2581241618126864 0.9380113568125863
0 0.615079365079365 0.9182787698412698 0.5855246839566999 0.7448623320773958 0.42658730158730157 0.7719494047619048 0.45614198270996675 0.9453658425257787
0 0.8060515873015871 0.9046378968253966 0.7634972812456557 0.7200817216480424 0.6084656084656083 0.755828373015873 0.6510199145215396 0.9403845481932273
0 0.9961970899470899 0.9033978174603173 0.9627356226620932 0.7172684056875233 0.806878306878307 0.7452876984126984 0.8403397741633036 0.9314171101854924