0 0.284780578898226 0.30210556722689086 0.14759437239102458 0.28258221234069686 0.1254278711484594 0.4383412114845939 0.26261407765566086 0.4578645663707879
0 0.4304388422035481 0.26011519607843137 0.2872705415499533 0.26011519607843137 0.2872705415499533 0.40054989495798315 0.4304388422035481 0.40054989495798315
0 0.599750933706816 0.42947654061624646 0.5585046298770837 0.2769295943392044 0.423280345471522 0.3134921218487394 0.4645266493012542 0.46603906812578155
0 0.774042950513539 0.44440651260504205 0.7700201730315128 0.300505117111683 0.6185807656395893 0.30473862044817934 0.6226035431216155 0.4486400159415384
0 0.9452224556489262 0.3958842787114847 0.9072166149928256 0.23781006953929243 0.7671958450046685 0.27147531512605044 0.805201685660769 0.4295495242982427
0 0.36383450046685334 0.5550912114845938 0.33903804323041786 0.40603672572009547 0.18674136321195145 0.4313725490196078 0.21153782044838693 0.5804270347841061
0 0.5893489368857602 0.4487270928158313 0.43559847003235225 0.44172884351611136 0.4285714285714287 0.5961118697478992 0.5823218954248366 0.6031101190476191
0 0.8122162391520391 0.45270387721006344 0.6559290382819795 0.45063025210084046 0.6538591576733578 0.6066352334341947 0.8101463585434174 0.6087088585434176
0 0.4677871148459385 0.6111517857142859 0.3008654198989871 0.5969234295316238 0.2866479925303456 0.763716911764706 0.45356968747729703 0.7779452679473681
0 0.7286024743230626 0.7805129551820729 0.6984046420372992 0.5964220624203131 0.5375039682539683 0.6228158263305322 0.5677018005397316 0.806906719092292
0 0.8873326330532213 0.7954429271708683 0.8800347516785898 0.6139435799471794 0.7173979925303455 0.6204830182072828 0.724695873904977 0.8019823654309717