0 0.30472153097578514 0.3386178264601653 0.1156279091425462 0.33333403853758553 0.11105820105820109 0.49687251984126984 0.30015182289144 0.5021563077638497
0 0.5025925925925927 0.49366889880952375 0.4960589173686967 0.33009667429290207 0.320968387284756 0.33709043293211416 0.327502062508652 0.5006626574487358
0 0.6984067878978951 0.48537323806181976 0.6890205810155695 0.3204901097280057 0.503121693121693 0.3310726686507936 0.5125079000040187 0.4959557969846077
0 0.8887665052530676 0.47857192807651905 0.8851751780538769 0.31594458555419813 0.6997354497354497 0.3200396825396825 0.7033267769346403 0.48266702506200343
0 0.27552910052910057 0.5236649305555555 0.07962097165306471 0.523245389799208 0.07923280423280431 0.7045034722222222 0.2751409331088402 0.7049230129785697
0 0.5077809503330202 0.528321064520128 0.31862528789992905 0.5224831435745023 0.31306878306878316 0.7025205853174604 0.5022244455018742 0.7083585062630862
0 0.7187830687830686 0.6954779265873016 0.7089828489721074 0.51461608850013 0.5191798941798941 0.5249007936507937 0.5289801139908553 0.7057626317379653
0 0.9386243386243386 0.6900252976190474 0.9308639388679708 0.5074415994534978 0.7301587301587302 0.5159722222222222 0.737919129915098 0.6985559203877718
0 0.9687830687830685 0.9190057043650792 0.9593124867100813 0.7056337513980523 0.7624338624338622 0.7143722718253968 0.7719044445068495 0.9277442247924237
0 0.741087041745166 0.7262732625350791 0.5453198459779702 0.7187385403128568 0.5375661375661376 0.9201954365079367 0.7333333333333334 0.927730158730159
0 0.5054232804232804 0.7220017361111111 0.30260689401801255 0.7041675792564253 0.2847883597883599 0.9068062996031745 0.4876047461936278 0.9246404564578603
0 0.26719270605554396 0.90745747684122 0.2519841269841269 0.7080280257936507 0.0521217453176878 0.72326962034756 0.06733032438910484 0.9226990713951294