0 0.7982384800176734 0.1894030505128629 0.6749891802977855 0.18730361073695254 0.673202614379085 0.29218539915966396 0.7964519140989729 0.29428483893557433
0 0.6643323996265175 0.2932351190476191 0.5203775255609976 0.25785150639358145 0.4920634920634921 0.373044467787115 0.636018366129012 0.40842808044115264
0 0.48646125116713357 0.27926593137254907 0.34381467299416757 0.25531628413019897 0.32492997198879553 0.36779551820728296 0.46757655016176153 0.39174516544963306
0 0.8984593837535014 0.3162489495798321 0.7613530192035044 0.2956221815904756 0.7439309056956117 0.41142717086834746 0.8810372702456087 0.4320539388577039
0 0.8629785247432309 0.45032335434173676 0.7192237949359376 0.4260164624264926 0.6972455648926239 0.5559991246498601 0.8410002946999172 0.5803060165651044
0 0.8040755893972028 0.6129073065801083 0.6560830590517314 0.5975107729666629 0.6402894491129787 0.7493200280112047 0.7882819794584501 0.7647165616246501
0 0.6487242583825038 0.41160068837487607 0.5142704768698988 0.40845135364098245 0.5113211951447248 0.5343643207282914 0.6457749766573299 0.537513655462185
0 0.47303921568627455 0.40874317226890766 0.33269497943640786 0.3953979671436761 0.32084500466853416 0.5200176820728292 0.46118924091840086 0.5333628871980607
0 0.6118842577306866 0.6339275158939169 0.4657591410173347 0.6328777960059617 0.4646358543417369 0.7892436974789918 0.6107609710550888 0.790293417366947
0 0.42746841772902544 0.7468867158638902 0.41374883286648 0.5978375350140056 0.2721181299027271 0.6108742685094428 0.28583771476527253 0.7599234493593274
0 0.29405543225348535 0.584292438881 0.27948235359480217 0.45646149048821816 0.14532421359155023 0.47175588634111176 0.15989729225023344 0.5995868347338936