0 0.49160293278207307 0.26862492635193447 0.36026389275813675 0.262855389950883 0.3548085901027078 0.3870411414565827 0.4861476301266441 0.3928106778576342
0 0.33239962651727367 0.3933398109243698 0.3204280806965654 0.26908238537871176 0.19140989729225028 0.2815126050420168 0.20338144311295853 0.40577003058767486
0 0.656862745098039 0.31982913165266114 0.6467111265127502 0.19468469098470623 0.5205415499533146 0.20491946778711484 0.5306931685386034 0.3300639084550697
0 0.8107823852743604 0.17420776747488254 0.6804388422035481 0.17384453781512613 0.6801139732690572 0.290422484625958 0.8104575163398695 0.29078571428571437
0 0.8321854187716365 0.42285855094420954 0.8280547431656651 0.2962034446669152 0.6880252100840336 0.30077030812324923 0.6921558856900051 0.42742541440054355
0 0.6967787114845939 0.37328046218487404 0.5525496641668124 0.33751687726427637 0.5207749766573296 0.46565931372549024 0.6650040239751112 0.5014228986460879
0 0.958216619981326 0.6085367647058825 0.8839428021933372 0.4489485324318808 0.769607843137255 0.5021610644257705 0.843881660925244 0.6617492966997721
0 0.8074229691876751 0.6403793767507003 0.7929698697066698 0.490521978697 0.6547619047619048 0.5038515406162465 0.66921500424291 0.6537089386699468
0 0.6647040134006961 0.52314098609994 0.5251148443997624 0.516142561730192 0.5179738562091505 0.6585752801120449 0.6575630252100841 0.6655737044817929
0 0.7499999999999999 0.836094712885154 0.7026761083555487 0.6642833310082339 0.5637254901960784 0.7025560224089635 0.6110493818405296 0.8743674042858838
0 0.930672268907563 0.8703869047619048 0.9222106335420028 0.7027418117861639 0.7784780578898225 0.7099964985994399 0.7869396932553827 0.8776415915751808
0 0.5471521942110178 0.8988314075630252 0.5262763407456855 0.7320835136719452 0.3810690943043884 0.7502626050420167 0.40194494776972073 0.9170104989330966
0 0.47058823529411775 0.5669697128851541 0.32318962236769594 0.5625942726239657 0.3188608776844072 0.7084198179271709 0.466259490610829 0.7127952581883593
0 0.4752567693744165 0.545219537815126 0.4615286482982661 0.40932569570341304 0.32866479925303455 0.42274772408963596 0.34239292032918495 0.558641566201349
0 0.29508820670341296 0.645511283780334 0.2903828197945846 0.5050337885154061 0.1488893843330017 0.5097732050151842 0.15359477124183007 0.650250700280112
0 0.303921568627451 0.8007986694677872 0.2867057629292067 0.6485769747488532 0.14516802352033015 0.6645844579471656 0.16238382921857444 0.8168061526660996
0 0.1920778864788139 0.5081788939856642 0.18954248366013074 0.3779303221288515 0.049752178880663245 0.38065146315719284 0.0522875816993464 0.5109000350140055