0 0.3881108776844071 0.3253602941176471 0.38130571743535735 0.1988533853908524 0.2462687714087675 0.2061174001905326 0.2530739316578173 0.3326243089173273
0 0.5244320728291316 0.28616929271708696 0.3828951767323034 0.27838314923128255 0.3756612978524745 0.4098809523809524 0.5171981939493027 0.4176670958667568
0 0.6663555088702147 0.343592787114846 0.6639629971549132 0.21463571738280332 0.5281669000933706 0.21715511204481797 0.530559411808672 0.34611218177686065
0 0.827575396825397 0.34125997899159666 0.8183989877357538 0.20571376381468465 0.6831622315592903 0.21486922268907563 0.6923386406489336 0.3504154378659876
0 0.8678769936795117 0.3628116989699973 0.7220665266106443 0.35901032913165276 0.7184908868060159 0.49616239066585727 0.8643013538748833 0.4999637605042018
0 0.7043263305322128 0.3651279761904762 0.5570916413391571 0.345333195287941 0.5387488328664799 0.4817680322128852 0.6859835220595356 0.5015628131154204
0 0.8624339402427637 0.6549716386554622 0.8405319934386721 0.4939442820619018 0.6956115779645192 0.5136554621848739 0.7175135247686107 0.6746828187784343
0 0.853719421101774 0.8594716386554621 0.8499377588308564 0.6916668751155232 0.6956115779645191 0.6951447829131652 0.6993932402354367 0.8629495464531041
0 0.6785241587305857 0.4997284599096523 0.5322351333634943 0.4963517836508722 0.5287810026441132 0.6459963979709119 0.6750700280112046 0.649373074229692
0 0.6794979000298484 0.6710893125616538 0.5263699821960482 0.6640908881919059 0.5188298319327732 0.8290719537815125 0.6719577497665734 0.8360703781512605
0 0.5126050420168069 0.4183524159663866 0.37179160636419484 0.41600699217879766 0.36943674136321203 0.5573872549019607 0.5102501770158241 0.5597326786895497
0 0.5200746965452849 0.7496832983193278 0.5117218331308198 0.5922354060941919 0.36108705410611314 0.6002268229171136 0.3694399175205783 0.7576747151422495
0 0.3831309523809523 0.8744016106442579 0.3652218777471779 0.7068256571238904 0.21148240560767118 0.7232560077968996 0.22939148024144557 0.890831961317267
0 0.3590738385425333 0.6722007873086377 0.3446417337097257 0.5208669951338974 0.19751934241275723 0.5348974753322626 0.21195144724556486 0.6862312675070028
0 0.3669467787114846 0.371265231092437 0.22128851540616254 0.371265231092437 0.22128851540616254 0.5097615546218487 0.3669467787114847 0.5097615546218487
0 0.19423183265703128 0.47818166384372246 0.18767507002801123 0.34086677170868346 0.04417456323465878 0.3477188963803672 0.05073132586367882 0.4850337885154062