0 0.4700281736434542 0.3702603402367144 0.4670401493930907 0.26308648459383754 0.3497861492285368 0.2663555448869679 0.3527741734789003 0.37352940052984474
0 0.5977591036414566 0.31095553221288524 0.4783185529215697 0.3092663921132293 0.4767507002801121 0.4201306022408965 0.596191250999999 0.4218197423405524
0 0.7452847805788984 0.43104814425770305 0.7359866710913675 0.31796497327913564 0.6078431372549019 0.32850140056022403 0.6171412467424328 0.4415845715387915
0 0.47077497665732965 0.37034611344537827 0.35088702147525686 0.3703461134453782 0.3508870214752569 0.4876391806722689 0.4707749766573297 0.48763918067226897
0 0.6100840336134454 0.5806220238095238 0.6009038821752617 0.45685960021566596 0.4715219421101774 0.4664565826330532 0.4807020935483611 0.5902190062269109
0 0.4509803921568628 0.5076027661064426 0.3151929846788941 0.5043099838774031 0.31204481792717104 0.6341337535014007 0.44783222540513973 0.6374265357304402
0 0.3337756181763112 0.4872001405913269 0.3202170375345405 0.37115611548344596 0.1979260131957643 0.3854445953402984 0.211484593837535 0.5014886204481793
0 0.22316881696644986 0.5512246421504227 0.20452535683242254 0.4317012725140876 0.07967586759706514 0.4511755099154858 0.09831932773109245 0.5706988795518207
0 0.7788048552754436 0.6070616246498599 0.7368883129686963 0.4600263211096761 0.6148459383753502 0.49481792717086837 0.6567624806820975 0.6418532307110522
0 0.6648926237161532 0.7495931372549022 0.6598701051804913 0.6035519206348244 0.5228758169934641 0.6082633053221289 0.527898335529126 0.7543045219422067
0 0.8493930905695611 0.7689527310924369 0.8348823814824715 0.6113275084525815 0.6970121381886087 0.6240196078431373 0.7115228472756984 0.7816448304829926
0 0.501259643715214 0.675159787526387 0.36195058675909825 0.6726403547532777 0.3591970121381888 0.8248960084033613 0.4985060690943045 0.8274154411764706
0 0.9733893557422971 0.5880399159663867 0.972767668214319 0.4594438657989834 0.8258636788048555 0.46015406162464995 0.8264853663328335 0.5887501117920533