0 0.3991980694737709 0.29889032949326855 0.3951594486187763 0.10383990005204904 0.28745297578366086 0.10607001873805222 0.2914915966386555 0.30112044817927175
0 0.526903703974032 0.30691800337592273 0.5225840336134454 0.11496265172735759 0.41716142207638823 0.11733503117122947 0.4214810924369748 0.3092903828197946
0 0.651880180467281 0.07936581807658077 0.547093837535014 0.07528011204481799 0.5395395177794309 0.26902619518800513 0.644325860711698 0.2731119012197679
0 0.822829131652661 0.13305322128851552 0.7160364145658263 0.13305322128851552 0.7160364145658263 0.32679738562091515 0.822829131652661 0.32679738562091515
0 0.8468007929563132 0.34108883370642745 0.7370448179271709 0.33671802054155003 0.7288294591445272 0.5430148077501554 0.8385854341736695 0.5473856209150328
0 0.9124232516123506 0.5690604435593675 0.8031337535014007 0.5648926237161532 0.7949471965669214 0.7795623388869447 0.9042366946778713 0.7837301587301589
0 0.7973560782733471 0.5667825853361087 0.6862745098039216 0.5625583566760038 0.6780687427200646 0.7783396392515041 0.7891503111894901 0.7825638679116089
0 0.6685529865078816 0.765337971041402 0.6405635043288691 0.5499872010520596 0.5304839071767298 0.564294421420555 0.5584733893557423 0.7796451914098974
0 0.7048596246549564 0.4882782845531512 0.6926869223923366 0.2881049584567357 0.5843784181855596 0.2946912864152559 0.5965511204481794 0.49486461251167135
0 0.5830763454032494 0.553796483090082 0.5677375969543008 0.35168591529217125 0.4599763776014716 0.3598642221180556 0.47531512605042014 0.5619747899159664
0 0.5382006213742161 0.7788229100716064 0.5019218234083819 0.5573313014380923 0.39001672024144873 0.5756605855775038 0.42629551820728295 0.7971521942110178
0 0.42504083064077874 0.5695795067087138 0.41204308521124267 0.3657987622732285 0.3025397195564583 0.3727832144814149 0.3155374649859944 0.5765639589169002
0 0.34501467223756443 0.7775245850728447 0.30240721288515404 0.5573062558356676 0.1888963921882059 0.5792681320139902 0.23150385154061623 0.7994864612511673
0 0.28096113445378157 0.3297152194211018 0.16965163317894527 0.32735946278036454 0.1654149159663866 0.5275443510737629 0.27672441724122293 0.5299001077145001