0 0.469187675070028 0.22502818627450988 0.3354748132541055 0.2133556978373139 0.32633053221288527 0.31810696778711484 0.4600433940288078 0.3297794562243108
0 0.5770427659304102 0.2737362927477243 0.4491440382763727 0.26828951468835543 0.44444444444444453 0.3786432072829132 0.572343172098482 0.3840899853422821
0 0.783841428137401 0.2988459093952989 0.6549898875211545 0.2946468547734502 0.6512605042016807 0.4090861344537816 0.7801120448179272 0.41328518907563033
0 0.9377917833800187 0.5463615196078432 0.9353900127859406 0.4099638298893436 0.7983193277310924 0.41237745098039214 0.8007210983251705 0.5487751406988917
0 0.7491830065359477 0.5477612044817926 0.746780869493769 0.4214894211215421 0.6045751633986928 0.42419467787114856 0.6069773004408715 0.5504664612313991
0 0.8626283846872084 0.7116062675070028 0.8621288632176511 0.554700954302567 0.7165032679738562 0.5551645658263307 0.7170027894434134 0.7120698790307665
0 0.6389352982404212 0.5615011763955426 0.4960781553832784 0.550303697403946 0.4844771241830066 0.6983093487394959 0.6273342670401494 0.7095068277310925
0 0.5899859943977591 0.5113695728291316 0.5842667060961515 0.38887091589997086 0.45576563958916905 0.39487044817927164 0.4614849278907767 0.5173691051084324
0 0.4719887955182073 0.8021370798319326 0.4606498739999122 0.641784244188075 0.3099909561924346 0.6524376862565671 0.32132987771072974 0.8127905219004247
0 0.44166872529257595 0.6334954434682423 0.434640522875817 0.49762412464986006 0.2945590991705427 0.5048701027502451 0.3015873015873016 0.6407414215686273
0 0.4417083749053067 0.4770708419067294 0.4383165180659264 0.35850490846097266 0.3098667799486683 0.36217951473351506 0.31325863678804855 0.4807454481792718
0 0.30072662026105834 0.6119434323958615 0.2945845004668534 0.4790234593837535 0.1484447149396886 0.48577645555932075 0.15458683473389356 0.6186964285714287
0 0.30519652219350346 0.425849083046434 0.2969771241830065 0.3111624649859943 0.1675079558363909 0.32044130363976003 0.17572735384688787 0.43512792170019965
0 0.18579349529422773 0.4833090397197305 0.17419467787114848 0.36540003501400553 0.03887970732015139 0.3787110933334908 0.050478524743230634 0.49662009803921575