0 0.4878618113912232 0.3429238445378151 0.4695870559933338 0.2337462354632035 0.34372082166199813 0.2548144257703081 0.3619955770598875 0.3639920348449197
0 0.6246498599439775 0.3005835084033613 0.6163511177658885 0.19517734774666445 0.4953314659197012 0.20470535714285712 0.5036302080977902 0.310111517799554
0 0.7320261437908497 0.2676910014005603 0.6109456893217078 0.2586155975565074 0.6027077497665734 0.36852293417366955 0.7237882042357153 0.37759833801772236
0 0.8696512756689678 0.26552552605914037 0.7440476190476192 0.2644432773109245 0.7430938223702481 0.37513903976719043 0.8686974789915968 0.3762212885154063
0 0.9075576068855358 0.3977644572681158 0.7782392128612593 0.3851672934025696 0.7664565826330532 0.5061239495798321 0.8957749766573296 0.5187211134453783
0 0.7768942236349952 0.3963965198329257 0.6503769500588981 0.3844992859393682 0.6390056022408965 0.5054241946778714 0.7655228758169936 0.5173214285714288
0 0.6077264239028946 0.42400997899159665 0.6045637574094453 0.31014050680010524 0.48494397759103636 0.31346288515406157 0.4881066440844855 0.42733235734555297
0 0.45040230518790547 0.39227680913640744 0.32284252143693937 0.38936851881961376 0.32014472455648935 0.5076959033613445 0.44770450830745545 0.5106041936781381
0 0.3031866518444604 0.4773596110003586 0.3004201680672269 0.360968662464986 0.17160635540775634 0.3640304239463586 0.17437283918498991 0.4804213724817312
0 0.6029411764705884 0.43585154061624654 0.4744669249692157 0.42157203057045256 0.46055088702147534 0.5467760854341737 0.589025138522848 0.5610555954799678
0 0.2878151260504202 0.6149417016806722 0.2279943097004813 0.47977290196761796 0.11029411764705882 0.5318627450980392 0.17011493399699776 0.6670315448110935
0 0.4306722689075631 0.5239625350140057 0.2941332622007143 0.523231441778987 0.29341736694677883 0.6569320728291317 0.42995637365362765 0.6576631660641504
0 0.4059290382819796 0.6626134453781513 0.26563666363388483 0.6615256957078194 0.2644724556489264 0.8116792717086836 0.4047648302970212 0.8127670213790155
0 0.5757042728836756 0.5913556192190913 0.4445184652272798 0.5882062844851979 0.4410597572362279 0.7322790616246501 0.5722455648926239 0.7354283963585435
0 0.7407796451914099 0.5292704831932774 0.6036326444447294 0.5067955184459151 0.5820494864612512 0.6385005252100842 0.7191964872079317 0.6609754899574465
0 0.8859710550887021 0.6790637254901961 0.8854797173633074 0.5362067904939534 0.7487161531279177 0.5366771708683472 0.7492074908533124 0.67953410586459
0 0.7267511374483103 0.6681216469036432 0.5848277014072273 0.6548247281361361 0.5708450046685342 0.8040677521008404 0.7127684407096172 0.8173646708683474