0 0.6994353592428766 0.2520028370461266 0.567160149158843 0.24791775301251312 0.5633363678804858 0.37173196778711504 0.6956115779645193 0.37581705182072844
0 0.848673327416452 0.2541190916525233 0.7080684955852518 0.25166674595681354 0.7059560925385477 0.37278102265162927 0.846560924369748 0.375233368347339
0 0.38516877307952363 0.47250715140167476 0.3737201470841779 0.34159962991953935 0.2320261437908497 0.3539915966386555 0.24347476978619548 0.4848991181207909
0 0.53874883286648 0.4821428571428572 0.5108120040935807 0.34118885742504745 0.3790849673202615 0.3672969187675071 0.4070217960931607 0.5082509184853169
0 0.6988795518207284 0.38130252100840345 0.5583566760037348 0.38130252100840345 0.5583566760037348 0.5133053221288515 0.6988795518207284 0.5133053221288515
0 0.8898225957049486 0.5203081232492998 0.8862191834745895 0.3862611882799392 0.7320261437908497 0.39040616246498594 0.7356295560212088 0.5244530974343465
0 0.9192343604108311 0.6824229691876752 0.8927412448480273 0.5156721829982633 0.7511671335200747 0.5381652661064428 0.7776602490828786 0.7049160522958546
0 0.7380952380952381 0.682422969187675 0.7273329312820163 0.5250242320443047 0.581232492997199 0.535014005602241 0.5919947998104209 0.6924127427456113
0 0.2400710221549533 0.5661330479659032 0.2171952051614892 0.4274775857810292 0.07049486461251167 0.4516806722689076 0.09337068160597574 0.5903361344537816
0 0.41478798415918094 0.6350188351202551 0.40258540197688275 0.48858784893267654 0.25390386039473256 0.5009779773978558 0.26610644257703076 0.6474089635854343
0 0.5616566608577443 0.653507982540739 0.5585924442991993 0.5054041822110608 0.4133690234041067 0.5084088047123385 0.4164332399626518 0.6565126050420168
0 0.24183006535947715 0.5885854341736695 0.08416477289545699 0.5853308753842745 0.0807656395891691 0.7499999999999999 0.23843093205318924 0.7532545587893948
0 0.44537815126050423 0.8186274509803921 0.42568945773711137 0.6521923617293113 0.27024866367233824 0.670580468282715 0.28993735719573116 0.8370155575337959
0 0.6162464985994398 0.8494397759103641 0.601414457493861 0.6768378782059276 0.4467787114845939 0.6901260504201682 0.46161075259017265 0.8627279481246047