0 0.35824503968253973 0.14715600198412704 0.17564449724347247 0.14372159057874268 0.1725089285714286 0.3104332837301588 0.35510947101049584 0.31386769513554313
0 0.5654766841079202 0.13759665164644058 0.3895606553988478 0.13593175004527064 0.3880069444444445 0.30009920634920645 0.5639229731535169 0.3017641079503764
0 0.7876150828056832 0.13790752770328873 0.6073869023224693 0.12940602840862725 0.5996471560846561 0.29348536706349215 0.77987533656787 0.30198686635815364
0 0.36526004289068653 0.4988564894019528 0.3632053571428571 0.3224206349206349 0.17982362113047745 0.3245562090107456 0.18187830687830683 0.5009920634920635
0 0.576512083055672 0.4930022750914891 0.5732026276681773 0.31816156780272126 0.3913112456707063 0.32160448120329566 0.39462070105820113 0.4964451884920635
0 0.7842814153439153 0.31125173611111123 0.6007496693121692 0.31125173611111123 0.6007496693121692 0.4856894841269842 0.7842814153439153 0.4856894841269842
0 0.3709385508464404 0.5342763273436962 0.15977847483242957 0.5162165840003926 0.1432979497354498 0.7089119543650793 0.3544580257494606 0.7269716977083829
0 0.5996471560846561 0.7155257936507936 0.5974847485147601 0.5240960731687003 0.4062427877908659 0.526256359787255 0.40840519536076203 0.7176860802693483
0 0.8322311507936508 0.7163524305555554 0.7945408892898892 0.5066235947796823 0.6073634259259257 0.5402611607142858 0.6450536874296875 0.7499899964901589
0 0.3500684554573707 0.9487630140228364 0.32936926393606153 0.7365578464313909 0.12700814974853203 0.7562968165355386 0.14770734126984122 0.9685019841269841
0 0.6051587301587301 0.950314236111111 0.5923616229792107 0.7345697414448648 0.3907628968253968 0.7465277777777779 0.40356000400491626 0.9622722724440241
0 0.8614417989417988 0.9618881448412699 0.8329012840686479 0.7308884417758128 0.6327159391534393 0.7556217757936509 0.6612564540265902 0.986621478859108